Omega_c: 0.257457
Omega_b: 0.04825
Omega_m: 0.30711
Omega_k: 0.000000e+00
k_sign: 0
w0: -1.000000e+00
wa: 0.000000e+00
H0: 67.77
h: 0.6777
Neff: 3.046000e+00
N_nu_mass: 0
N_nu_rel: 3.046000e+00
sum_nu_masses: 0.06
Omega_n_mass: 0.001402
Omega_n_rel: 3.391021e-05
A_s: 10**-8.654722
n_s: 0.96
Omega_g: 4.901957e-05
T_CMB: 2.725000e+00
bcm_log10Mc: 1.407918e+01
bcm_etab: 5.000000e-01
bcm_ks: 5.500000e+01
mu_0: 0.000000e+00
sigma_0: 0.000000e+00
sigma8: 0.8288
Omega_l: 7.351283e-01
z_star: nan
has_mgrowth: 0
nz_mgrowth: 0
c1_mg: 1.0
c2_mg: 1.0
lambda_mg: 0.0